set N:=1 2 3 4 5 6 7 8 9;


param W:
	1	2	3	4	5	6	7	8	9=
1   0	22	9	12	0	0	0	0	0
2	22	0	35	0	0	36	0	34	0
3	9	35	0	4	65	42	0	0	0
4	12	0	4	0	33	0	0	0	30
5	0	0	65	33	0	18	23	0	0			
6	0	36	42	0	18	0	39	24	0
7	0	0	0	0	23	39	0	25	21
8	0	34	0	0	0	24	25	0	19
9	0	0	0	30	0	0	21	19	0 	
